step,loss
0,2.739570141
50,1.899235487
100,1.592463851
150,1.499892235
200,1.362330794
250,1.254544973
300,1.184918404
350,1.109803796
400,1.054739952
450,0.978524566
500,0.952735662
550,0.931329608
600,1.035965562
650,0.906230807
700,0.887691438
750,0.875331342
800,0.869087636
850,0.872153223
900,0.861116827
950,0.848513782
1000,0.852629423
1050,0.841624260
1100,0.835498214
1150,0.836520433
1200,0.827338099
1250,0.820088208
1300,0.822375715
1350,0.808587134
1400,0.803680956
1450,0.810862184
1500,0.811661601
1550,0.793560266
1600,0.790005505
1650,0.785383821
1700,0.775133491
1750,0.766073942
1800,0.755384564
1850,0.755233943
1900,0.742926478
1950,0.737015069
2000,0.728171468
2050,0.724544942
2100,0.718321145
2150,0.715589046
2200,0.765299201
2250,0.708515704
2300,0.704953671
2350,0.700431585
2400,0.697013140
2450,0.692673802
2500,0.689018071
2550,0.686782122
2600,0.682158232
2650,0.685940802
2700,0.677337587
2750,0.670715988
2800,0.666529834
2850,0.704904258
2900,0.660812914
2950,0.666886091
3000,0.657076180
3050,0.650531828
3100,0.646224201
3150,0.644397914
3200,0.641243458
3250,0.636055708
3300,0.633087814
3350,0.632749796
3400,0.627965748
3450,0.625433981
3500,0.639112175
3550,0.620823562
3600,0.621590555
3650,0.650900841
3700,0.612452924
3750,0.608746767
3800,0.619736910
3850,0.604585707
3900,0.603552520
3950,0.601236820
4000,0.601200700
4050,0.596713066
4100,0.595118701
4150,0.593256891
4200,0.597898245
4250,0.589894831
4300,0.595091522
4350,0.586951435
4400,0.587376654
4450,0.583930969
4500,0.608528376
4550,0.581005216
4600,0.582379103
4650,0.577532232
4700,0.588432372
4750,0.579007626
4800,0.575351417
4850,0.573760033
4900,0.584664166
4950,0.571989298
5000,0.577476859
5050,0.574227631
5100,0.571250141
5150,0.568103671
5200,0.567436159
5250,0.568184316
5300,0.566411376
5350,0.607245088
5400,0.562567294
5450,0.567751825
5500,0.562535703
5550,0.561007559
5600,0.562519193
5650,0.560209036
5700,0.566430569
5750,0.560848057
5800,0.559663653
5850,0.578335583
5900,0.557852983
5950,0.556721628
6000,0.567128181
6050,0.555741847
6100,0.554918647
6150,0.554089606
6200,0.553716838
6250,0.556124210
6300,0.561273217
6350,0.552142978
6400,0.554019749
6450,0.551345408
6500,0.551237464
6550,0.592957139
6600,0.551350772
6650,0.550044358
6700,0.568733633
6750,0.554199636
6800,0.555300832
6850,0.548945665
6900,0.549826205
6950,0.573680997
7000,0.548632920
7050,0.548961043
7100,0.547409952
7150,0.548040867
7200,0.550318301
7250,0.561246455
7300,0.545867860
7350,0.592629790
7400,0.545844734
7450,0.547110975
7500,0.616640508
7550,0.544752181
7600,0.546220839
7650,0.550444484
7700,0.554143965
7750,0.544890881
7800,0.543654084
7850,0.545242071
7900,0.542891264
7950,0.543502212
8000,0.544149339
8050,0.542737246
8100,0.543312728
8150,0.552658916
8200,0.541120231
8250,0.543802202
8300,0.541684449
8350,0.540586352
8400,0.559760153
8450,0.539781451
8500,0.540940523
8550,0.540063977
8600,0.566845298
8650,0.540454805
8700,0.540781021
8750,0.541379511
8800,0.538548946
8850,0.541843295
8900,0.537981987
8950,0.549486697
9000,0.537658691
9050,0.538345873
9100,0.537753880
9150,0.538145483
9200,0.536865473
9250,0.538003743
9300,0.536587358
9350,0.543036163
9400,0.537242353
9450,0.535417140
9500,0.536003828
9550,0.535090744
9600,0.535288692
9650,0.540656209
9700,0.535216570
9750,0.537025332
9800,0.534284294
9850,0.534760714
9900,0.537311554
9950,0.535248458
10000,0.534448862
10050,0.534454882
10100,0.534480751
10150,0.533962548
10200,0.533024609
10250,0.534737289
10300,0.532446444
10350,0.532903492
10400,0.535307884
10450,0.532029033
10500,0.531983793
10550,0.532891929
10600,0.559404433
10650,0.531872928
10700,0.531752050
10750,0.531901300
10800,0.531919718
10850,0.533475876
10900,0.530398190
10950,0.530975401
11000,0.529993951
11050,0.530588388
11100,0.530454874
11150,0.530135572
11200,0.531073391
11250,0.538057506
11300,0.529170275
11350,0.531045914
11400,0.529352248
11450,0.532489419
11500,0.529039085
11550,0.532586396
11600,0.529635310
11650,0.528457761
11700,0.528316379
11750,0.528284550
11800,0.529023349
11850,0.527882993
11900,0.527632773
11950,0.528077900
12000,0.526835740
12050,0.527545631
12100,0.526839316
12150,0.527878404
12200,0.526742816
12250,0.531087279
12300,0.527972460
12350,0.526163101
12400,0.529158473
12450,0.529130459
12500,0.530555725
12550,0.525558412
12600,0.527540922
12650,0.526980877
12700,0.528658092
12750,0.525319219
12800,0.529588401
12850,0.533896387
12900,0.525265753
12950,0.524585009
13000,0.528783679
13050,0.525278211
13100,0.526354671
13150,0.524258971
13200,0.541072905
13250,0.523500383
13300,0.525221467
13350,0.525039434
13400,0.525176466
13450,0.523004293
13500,0.522930980
13550,0.523064554
13600,0.523733318
13650,0.523011506
13700,0.529021919
13750,0.522944629
13800,0.522158623
13850,0.524281383
13900,0.522195876
13950,0.526924908
14000,0.521795154
14050,0.521463692
14100,0.521761715
14150,0.524573624
14200,0.521176636
14250,0.522177815
14300,0.520749509
14350,0.520371556
14400,0.521033525
14450,0.523057997
14500,0.520470738
14550,0.520152748
14600,0.529657781
14650,0.520723641
14700,0.519829273
14750,0.520943940
14800,0.521017849
14850,0.522123396
14900,0.519634426
14950,0.519115090
15000,0.518830657
15050,0.523982465
15100,0.519800305
15150,0.518547475
15200,0.518392503
15250,0.518746197
15300,0.518808484
15350,0.528690100
15400,0.518289268
15450,0.520499170
15500,0.520144939
15550,0.518137693
15600,0.530408621
15650,0.519090474
15700,0.545313776
15750,0.517313361
15800,0.516954184
15850,0.516842425
15900,0.516747236
15950,0.519896090
16000,0.516834199
16050,0.516399264
16100,0.516513944
16150,0.519975245
16200,0.515910149
16250,0.517270029
16300,0.516117752
16350,0.518385470
16400,0.517534733
16450,0.516146958
16500,0.519963026
16550,0.516363561
16600,0.515379786
16650,0.515830517
16700,0.515980124
16750,0.514523983
16800,0.515445590
16850,0.516341686
16900,0.514939189
16950,0.518958747
17000,0.515569329
17050,0.517551243
17100,0.515891075
17150,0.516060114
17200,0.516682804
17250,0.514265597
17300,0.513837039
17350,0.513973057
17400,0.513809621
17450,0.513474941
17500,0.522048295
17550,0.512846231
17600,0.513753712
17650,0.513347149
17700,0.513536930
17750,0.512398481
17800,0.516311765
17850,0.512533724
17900,0.513038516
17950,0.511824667
18000,0.512157559
18050,0.512963772
18100,0.511799753
18150,0.511509597
18200,0.513724923
18250,0.512324929
18300,0.510940433
18350,0.510960877
18400,0.510854006
18450,0.512938499
18500,0.530160666
18550,0.510783017
18600,0.510370851
18650,0.513129532
18700,0.516357362
18750,0.510772288
18800,0.511689365
18850,0.510033846
18900,0.509930491
18950,0.509765387
19000,0.509862959
19050,0.529706061
19100,0.509600341
19150,0.511374176
19200,0.518558502
19250,0.509035408
19300,0.510103405
19350,0.509157896
19400,0.509053528
19450,0.508745492
19500,0.509642959
19550,0.509612799
19600,0.508877754
19650,0.508981466
19700,0.508191288
19750,0.513248980
19800,0.508874118
19850,0.508252025
19900,0.508725941
19950,0.507484794
20000,0.507280707
20050,0.508763850
20100,0.508173585
20150,0.507933378
20200,0.508184433
20250,0.507437289
20300,0.507011890
20350,0.506520867
20400,0.506778777
20450,0.510080874
20500,0.506842017
20550,0.506494641
20600,0.507539451
20650,0.508330584
20700,0.506586313
20750,0.506489754
20800,0.509314835
20850,0.506296635
20900,0.506443202
20950,0.512780845
21000,0.506098211
21050,0.505712211
21100,0.505560040
21150,0.506331384
21200,0.505845547
21250,0.505930007
21300,0.555377960
21350,0.506013095
21400,0.505424738
21450,0.504761994
21500,0.505384564
21550,0.505623043
21600,0.504327774
21650,0.504834831
21700,0.504539132
21750,0.504989147
21800,0.504292309
21850,0.504137397
21900,0.506792068
21950,0.504076660
22000,0.504275978
22050,0.506700575
22100,0.506563425
22150,0.504037201
22200,0.504837334
22250,0.503692567
22300,0.516826034
22350,0.502970815
22400,0.503546476
22450,0.502786398
22500,0.515440822
22550,0.504647613
22600,0.503488302
22650,0.503063023
22700,0.502990782
22750,0.502653360
22800,0.515383720
22850,0.502247751
22900,0.502763450
22950,0.508279920
23000,0.501686752
23050,0.502048373
23100,0.501740098
23150,0.501687229
23200,0.501866639
23250,0.501993001
23300,0.501665831
23350,0.501798630
23400,0.502559245
23450,0.502512991
23500,0.501716852
23550,0.501298666
23600,0.502262354
23650,0.501209080
23700,0.501871467
23750,0.503219783
23800,0.500771165
23850,0.501881182
23900,0.500927508
23950,0.502026021
24000,0.502561152
24050,0.503618598
24100,0.501166105
24150,0.505830646
24200,0.500632346
24250,0.500943005
24300,0.501690030
24350,0.500130951
24400,0.500093639
24450,0.500676870
24500,0.503765643
24550,0.500491619
24600,0.507309616
24650,0.499005228
24700,0.499833345
24750,0.499537349
24800,0.520848930
24850,0.503130257
24900,0.499749511
24950,0.505524278
25000,0.500635862
25050,0.500552833
25100,0.499765009
25150,0.513220966
25200,0.499252856
25250,0.505181849
25300,0.499292672
25350,0.500012040
25400,0.508658469
25450,0.498449504
25500,0.498795807
25550,0.500925422
25600,0.501991749
25650,0.500716746
25700,0.498012453
25750,0.499182135
25800,0.497909009
25850,0.500143468
25900,0.498616070
25950,0.497844636
26000,0.500473380
26050,0.522928178
26100,0.497595131
26150,0.498557031
26200,0.500905395
26250,0.498187095
26300,0.497730911
26350,0.498211324
26400,0.498646855
26450,0.501571238
26500,0.497654110
26550,0.497413784
26600,0.496988952
26650,0.499301791
26700,0.501648545
26750,0.497098982
26800,0.498172015
26850,0.497496665
26900,0.497605324
26950,0.498681158
27000,0.497380555
27050,0.497739583
27100,0.497830927
27150,0.498930603
27200,0.502120376
27250,0.496549040
27300,0.497366339
27350,0.507168770
27400,0.496260524
27450,0.495760679
27500,0.497877806
27550,0.517304778
27600,0.496256948
27650,0.495668024
27700,0.498163432
27750,0.495712101
27800,0.496227622
27850,0.495400578
27900,0.498701036
27950,0.496836692
28000,0.495175034
28050,0.499848038
28100,0.496437877
28150,0.495556325
28200,0.494899899
28250,0.497770697
28300,0.494915992
28350,0.504919767
28400,0.495805591
28450,0.494842678
28500,0.495289892
28550,0.494732976
28600,0.495429337
28650,0.494464129
28700,0.495017409
28750,0.500531256
28800,0.493964285
28850,0.495833814
28900,0.494563133
28950,0.494704872
29000,0.494069368
29050,0.495266914
29100,0.494517624
29150,0.493714303
29200,0.496751934
29250,0.496046305
29300,0.493682593
29350,0.496207744
29400,0.494292229
29450,0.501429617
29500,0.497417539
29550,0.494642466
29600,0.513438821
29650,0.496467382
29700,0.493210465
29750,0.493226230
29800,0.494101971
29850,0.493220747
29900,0.493970841
29950,0.512553573
30000,0.492692351
30050,0.493189007
30100,0.506031692
30150,0.493884802
30200,0.494993120
30250,0.498903781
30300,0.493511707
30350,0.496844471
30400,0.494199902
30450,0.494223416
30500,0.492659003
30550,0.494972944
30600,0.492610961
30650,0.494213223
30700,0.492027342
30750,0.492427975
30800,0.492667973
30850,0.492251724
30900,0.491895795
30950,0.491987884
31000,0.495807767
31050,0.493240207
31100,0.495936424
31150,0.498110890
31200,0.492870659
31250,0.494727373
31300,0.492050707
31350,0.491622180
31400,0.491995186
31450,0.492555887
31500,0.492243618
31550,0.492395818
31600,0.491534531
31650,0.492251009
31700,0.490738332
31750,0.490965933
31800,0.493284732
31850,0.494077206
31900,0.491195172
31950,0.494312704
32000,0.493849456
32050,0.492550015
32100,0.494089782
32150,0.490756929
32200,0.498647243
32250,0.492021948
32300,0.491085857
32350,0.491272449
32400,0.491690546
32450,0.491376370
32500,0.491769552
32550,0.490202516
32600,0.492985427
32650,0.490011543
32700,0.490505636
32750,0.494388878
32800,0.490530401
32850,0.492764860
32900,0.491196990
32950,0.491870612
33000,0.492516577
33050,0.490958065
33100,0.490043998
33150,0.489682913
33200,0.492298841
33250,0.489750862
33300,0.491942465
33350,0.489796788
33400,0.500641823
33450,0.489736021
33500,0.489923120
33550,0.490139067
33600,0.489681751
33650,0.488728642
33700,0.489712059
33750,0.492595822
33800,0.495031595
33850,0.488792896
33900,0.491898477
33950,0.491192907
34000,0.489093095
34050,0.490536243
34100,0.489073634
34150,0.489196688
34200,0.491923869
34250,0.489144236
34300,0.488764644
34350,0.488249034
34400,0.488907814
34450,0.491936833
34500,0.488957077
34550,0.502185643
34600,0.489083797
34650,0.489996374
34700,0.489615768
34750,0.487949193
34800,0.489676774
34850,0.489522010
34900,0.489582002
34950,0.488511801
35000,0.489267617
35050,0.488530815
35100,0.489762992
35150,0.489929616
35200,0.489979923
35250,0.491154313
35300,0.488597542
35350,0.488779336
35400,0.497419477
35450,0.490160316
35500,0.488442123
35550,0.490643591
35600,0.490680635
35650,0.487809896
35700,0.500116587
35750,0.487002611
35800,0.487930149
35850,0.487801015
35900,0.488356948
35950,0.487584829
36000,0.488178790
36050,0.490727395
36100,0.487923652
36150,0.488114506
36200,0.489353567
36250,0.487004191
36300,0.488159209
36350,0.489714414
36400,0.488246888
36450,0.487187266
36500,0.491587162
36550,0.487351507
36600,0.487781823
36650,0.487184435
36700,0.487244934
36750,0.488974094
36800,0.487946898
36850,0.488805413
36900,0.486964911
36950,0.488433808
37000,0.486761123
37050,0.487083644
37100,0.486358136
37150,0.488402784
37200,0.487653911
37250,0.487659961
37300,0.486808151
37350,0.486945689
37400,0.486921757
37450,0.487161934
37500,0.487339705
37550,0.486142427
37600,0.497283429
37650,0.487270355
37700,0.487260461
37750,0.485875517
37800,0.486473471
37850,0.487188816
37900,0.492043108
37950,0.485835642
38000,0.495985985
38050,0.485333443
38100,0.485748500
38150,0.490100980
38200,0.487485081
38250,0.487528026
38300,0.485601276
38350,0.486580521
38400,0.485284537
38450,0.485392570
38500,0.485731214
38550,0.489090323
38600,0.486113101
38650,0.484925151
38700,0.484899312
38750,0.486279994
38800,0.486835808
38850,0.485761672
38900,0.501397908
38950,0.485244989
39000,0.485703349
39050,0.487198621
39100,0.485228539
39150,0.486380517
39200,0.486040086
39250,0.486647099
39300,0.485756725
39350,0.486106962
39400,0.486344606
39450,0.484426677
39500,0.485495389
39550,0.484830141
39600,0.486983627
39650,0.491329342
39700,0.485342860
39750,0.484536529
39800,0.491745472
39850,0.486642778
39900,0.485344797
39950,0.485530049
40000,0.486434549
40050,0.486193508
40100,0.484587073
40150,0.485658497
40200,0.484114110
40250,0.483943999
40300,0.484502703
40350,0.487010092
40400,0.485013753
40450,0.485161066
40500,0.484964460
40550,0.487112731
40600,0.484517515
40650,0.486694604
40700,0.484527886
40750,0.484590203
40800,0.486153156
40850,0.484731525
40900,0.484664261
40950,0.484439105
41000,0.485248268
41050,0.484188467
41100,0.485140055
41150,0.486608565
41200,0.484542847
41250,0.483434200
41300,0.484990180
41350,0.483505428
41400,0.486631840
41450,0.485713035
41500,0.484494030
41550,0.485084951
41600,0.484806627
41650,0.484193981
41700,0.485672057
41750,0.484498054
41800,0.485484749
41850,0.487528026
41900,0.489650905
41950,0.485413760
42000,0.485081106
42050,0.484088331
42100,0.483623683
42150,0.483263373
42200,0.484510720
42250,0.485565364
42300,0.485281080
42350,0.484265715
42400,0.484097987
42450,0.482847512
42500,0.489588082
42550,0.483872980
42600,0.485762447
42650,0.482647389
42700,0.483218819
42750,0.482896477
42800,0.482666969
42850,0.482573688
42900,0.484387666
42950,0.485829085
43000,0.481821686
43050,0.482441157
43100,0.483151585
43150,0.482815325
43200,0.484543651
43250,0.483907193
43300,0.483393401
43350,0.483524859
43400,0.485400468
43450,0.482701063
43500,0.483534038
43550,0.483557940
43600,0.481935740
43650,0.482995719
43700,0.482371449
43750,0.482208461
43800,0.482396424
43850,0.482448310
43900,0.484734237
43950,0.482977509
44000,0.481709987
44050,0.487648576
44100,0.482637972
44150,0.482644975
44200,0.485143095
44250,0.482530802
44300,0.481674731
44350,0.482453078
44400,0.482674450
44450,0.486634552
44500,0.482648760
44550,0.482999504
44600,0.505363464
44650,0.482404798
44700,0.481418997
44750,0.482318938
44800,0.484162360
44850,0.483483911
44900,0.482690871
44950,0.482976139
45000,0.499153107
45050,0.482369244
45100,0.482230753
45150,0.485220194
45200,0.485096484
45250,0.482636601
45300,0.483214319
45350,0.482394248
45400,0.481304049
45450,0.484220862
45500,0.481598437
45550,0.481317401
45600,0.482616216
45650,0.482392848
45700,0.481171221
45750,0.481750309
45800,0.481270701
45850,0.481378525
45900,0.488871545
45950,0.484193504
46000,0.483251631
46050,0.482924312
46100,0.486336678
46150,0.480662316
46200,0.483400345
46250,0.482549161
46300,0.481274903
46350,0.481054515
46400,0.481140554
46450,0.482258469
46500,0.483534217
46550,0.481302023
46600,0.484175771
46650,0.482592463
46700,0.480916649
46750,0.481725663
46800,0.480274588
46850,0.480928451
46900,0.513201714
46950,0.481150180
47000,0.482150078
47050,0.483205914
47100,0.488437653
47150,0.480637431
47200,0.481508434
47250,0.482666999
47300,0.480276883
47350,0.489269793
47400,0.481591344
47450,0.480968237
47500,0.482523769
47550,0.480399340
47600,0.480767041
47650,0.482505739
47700,0.480437577
47750,0.480507493
47800,0.480056971
47850,0.481760323
47900,0.480840206
47950,0.482046694
48000,0.490848511
48050,0.482252419
48100,0.480659157
48150,0.482083708
48200,0.482436359
48250,0.479989320
48300,0.480915427
48350,0.480761200
48400,0.483514816
48450,0.479973257
48500,0.479691207
48550,0.481195182
48600,0.479820460
48650,0.481870174
48700,0.479945272
48750,0.481437415
48800,0.480408430
48850,0.482258826
48900,0.479837269
48950,0.480371952
49000,0.479747921
49050,0.481298000
49100,0.479995251
49150,0.481812984
49200,0.479989201
49250,0.479853809
49300,0.480035245
49350,0.479703277
49400,0.479405105
49450,0.479613125
49500,0.480397403
49550,0.479251534
49600,0.480519295
49650,0.479463220
49700,0.480752051
49750,0.479444981
49800,0.479488105
49850,0.479677588
49900,0.483348161
49950,0.484221727
50000,0.480451167
50050,0.479056776
50100,0.485312223
50150,0.480139107
50200,0.480690539
50250,0.487275243
50300,0.478889167
50350,0.480197132
50400,0.480502993
50450,0.480852962
50500,0.480126977
50550,0.479111969
50600,0.481516898
50650,0.479973167
50700,0.479211360
50750,0.479631543
50800,0.480584323
50850,0.480950654
50900,0.479303628
50950,0.479788244
51000,0.478911400
51050,0.480082482
51100,0.478944004
51150,0.480668932
51200,0.481867284
51250,0.481387109
51300,0.482050925
51350,0.478900611
51400,0.482324809
51450,0.478599161
51500,0.479703128
51550,0.479196846
51600,0.478419811
51650,0.479162902
51700,0.480042428
51750,0.480224967
51800,0.480369270
51850,0.481450051
51900,0.478793442
51950,0.479537755
52000,0.478792965
52050,0.479697078
52100,0.478709608
52150,0.478218794
52200,0.478927106
52250,0.478161484
52300,0.484203339
52350,0.478687793
52400,0.479299277
52450,0.478523850
52500,0.480182648
52550,0.479908347
52600,0.479283690
52650,0.478193372
52700,0.479744554
52750,0.482980669
52800,0.493784577
52850,0.478574634
52900,0.482731760
52950,0.477728128
53000,0.479716778
53050,0.477446318
53100,0.480408490
53150,0.483735353
53200,0.478105545
53250,0.479201853
53300,0.479054391
53350,0.478910834
53400,0.477917463
53450,0.478618473
53500,0.478148192
53550,0.477512896
53600,0.478863329
53650,0.483230412
53700,0.478380203
53750,0.480068266
53800,0.477106780
53850,0.477706254
53900,0.477499157
53950,0.478568256
54000,0.479433388
54050,0.480702758
54100,0.478111744
54150,0.478511602
54200,0.480341285
54250,0.477646112
54300,0.478607416
54350,0.480170161
54400,0.477760464
54450,0.479926437
54500,0.477988631
54550,0.478171796
54600,0.484265834
54650,0.478026658
54700,0.478159398
54750,0.476934701
54800,0.477468282
54850,0.477352411
54900,0.479030997
54950,0.479439199
55000,0.478176653
55050,0.479991466
55100,0.480180234
55150,0.477603018
55200,0.479087204
55250,0.477030635
55300,0.477789313
55350,0.480312079
55400,0.478462398
55450,0.476728261
55500,0.478960961
55550,0.477248490
55600,0.479159325
55650,0.478513420
55700,0.477595270
55750,0.477499247
55800,0.479932964
55850,0.478451520
55900,0.477963656
55950,0.477253199
56000,0.476714641
56050,0.477797061
56100,0.480842292
56150,0.477747440
56200,0.476633251
56250,0.481703788
56300,0.477835983
56350,0.477206707
56400,0.478155524
56450,0.478556871
56500,0.480716586
56550,0.478899896
56600,0.478517234
56650,0.480032086
56700,0.478138089
56750,0.477165639
56800,0.477394283
56850,0.477455258
56900,0.477179885
56950,0.477353722
57000,0.480242431
57050,0.479138821
57100,0.482402861
57150,0.478320956
57200,0.476912796
57250,0.477522224
57300,0.480778784
57350,0.482493937
57400,0.476041228
57450,0.475667506
57500,0.476193488
57550,0.477968365
57600,0.476269364
57650,0.476233363
57700,0.477316111
57750,0.476036131
57800,0.487370729
57850,0.476842076
57900,0.481046855
57950,0.478235573
58000,0.476411581
58050,0.484169513
58100,0.476131797
58150,0.478741646
58200,0.477725834
58250,0.476065695
58300,0.478977948
58350,0.480180472
58400,0.486243308
58450,0.476130545
58500,0.476622820
58550,0.476690084
58600,0.476945221
58650,0.475879967
58700,0.477586865
58750,0.476830840
58800,0.479249507
58850,0.479867399
58900,0.479383230
58950,0.476441562
59000,0.479512751
59050,0.479792058
59100,0.477065563
59150,0.476787776
59200,0.476706624
59250,0.475985914
59300,0.479133129
59350,0.475481480
59400,0.477208138
59450,0.478730768
59500,0.475997508
59550,0.476456761
59600,0.475668877
59650,0.476249278
59700,0.479918987
59750,0.477136970
59800,0.475164503
59850,0.477006942
59900,0.475754678
59950,0.476947486
60000,0.476613611
60050,0.477488726
60100,0.481504112
60150,0.478302896
60200,0.480961174
60250,0.475806475
60300,0.477910906
60350,0.476040214
60400,0.476294279
60450,0.476469725
60500,0.477049440
60550,0.476261169
60600,0.475447178
60650,0.476254433
60700,0.476123035
60750,0.476007819
60800,0.477248520
60850,0.474785507
60900,0.476158082
60950,0.475595206
61000,0.480642021
61050,0.475501418
61100,0.475986570
61150,0.476819903
61200,0.480061680
61250,0.476929814
61300,0.474864364
61350,0.476163357
61400,0.480957210
61450,0.477453232
61500,0.477138698
61550,0.476131767
61600,0.476356715
61650,0.478710413
61700,0.474646509
61750,0.474322349
61800,0.507658303
61850,0.475108147
61900,0.476516306
61950,0.475728601
62000,0.475970030
62050,0.476379663
62100,0.475226611
62150,0.474835515
62200,0.479514271
62250,0.476358712
62300,0.477567911
62350,0.475327969
62400,0.474798501
62450,0.475914210
62500,0.474888355
62550,0.474477351
62600,0.477490067
62650,0.475373775
62700,0.476643711
62750,0.475127667
62800,0.474968702
62850,0.474827677
62900,0.475822896
62950,0.479335994
63000,0.478380173
63050,0.476546228
63100,0.475679308
63150,0.474743098
63200,0.488332838
63250,0.475234717
63300,0.475636780
63350,0.486081749
63400,0.476616532
63450,0.476078063
63500,0.476986349
63550,0.474850804
63600,0.475130945
63650,0.475677669
63700,0.474309087
63750,0.475290269
63800,0.474826366
63850,0.476269692
63900,0.479096144
63950,0.474619120
64000,0.475671262
64050,0.476470232
64100,0.475040138
64150,0.475256503
64200,0.477197468
64250,0.474103868
64300,0.474935383
64350,0.475946099
64400,0.475556910
64450,0.473640859
64500,0.480117321
64550,0.477370054
64600,0.477359354
64650,0.476753563
64700,0.473270029
64750,0.476060331
64800,0.474506944
64850,0.474307030
64900,0.473572522
64950,0.475224167
65000,0.474274248
65050,0.475593269
65100,0.475184977
65150,0.473726749
65200,0.475573629
65250,0.475003123
65300,0.476092100
65350,0.474827021
65400,0.477982193
65450,0.473970354
65500,0.475527436
65550,0.474414885
65600,0.476479739
65650,0.475580961
65700,0.475419849
65750,0.473387122
65800,0.475014538
65850,0.474231750
65900,0.473568261
65950,0.474888623
66000,0.475293875
66050,0.477267176
66100,0.474412650
66150,0.473892897
66200,0.474943876
66250,0.474871218
66300,0.484980315
66350,0.475342661
66400,0.473473728
66450,0.474906296
66500,0.475203991
66550,0.474586666
66600,0.475231707
66650,0.475012213
66700,0.473553926
66750,0.474258125
66800,0.473859996
66850,0.477768123
66900,0.474840909
66950,0.475531191
67000,0.473761410
67050,0.473974943
67100,0.474377781
67150,0.473699182
67200,0.474752069
67250,0.473311275
67300,0.474603444
67350,0.473349571
67400,0.484326452
67450,0.475851864
67500,0.473486751
67550,0.473903716
67600,0.475422919
67650,0.473909169
67700,0.473471582
67750,0.474658310
67800,0.482978016
67850,0.473780304
67900,0.474365860
67950,0.473525554
68000,0.473629773
68050,0.472714782
68100,0.473585755
68150,0.474704474
68200,0.474864095
68250,0.474271029
68300,0.475049973
68350,0.474267751
68400,0.473860800
68450,0.472895443
68500,0.473462135
68550,0.475201994
68600,0.474372089
68650,0.473524541
68700,0.474606216
68750,0.476372689
68800,0.473451287
68850,0.472755104
68900,0.474539071
68950,0.477384716
69000,0.473485112
69050,0.473145574
69100,0.473420620
69150,0.473287523
69200,0.473882407
69250,0.475012779
69300,0.473802626
69350,0.472657174
69400,0.472295761
69450,0.474669337
69500,0.472813636
69550,0.474272370
69600,0.473853648
69650,0.474127412
69700,0.476660609
69750,0.472068787
69800,0.473358065
69850,0.475645542
69900,0.479972959
69950,0.473071843
70000,0.473799050
70050,0.475201070
70100,0.473661780
70150,0.472807169
70200,0.473053664
70250,0.475081027
70300,0.473213583
70350,0.473232806
70400,0.474065393
70450,0.474172860
70500,0.478065521
70550,0.473107845
70600,0.477085143
70650,0.473134249
70700,0.472808719
70750,0.472382843
70800,0.476433396
70850,0.484066606
70900,0.474595308
70950,0.473790318
71000,0.473747253
71050,0.482246161
71100,0.474188656
71150,0.473554194
71200,0.471962124
71250,0.473848850
71300,0.473148853
71350,0.472482175
71400,0.472470433
71450,0.473341197
71500,0.475627691
71550,0.473374844
71600,0.473203540
71650,0.473145425
71700,0.475454807
71750,0.472214311
71800,0.473148108
71850,0.471737087
71900,0.472783446
71950,0.475032628
72000,0.474984974
72050,0.472933441
72100,0.473991990
72150,0.473512203
72200,0.473554820
72250,0.472323447
72300,0.472648740
72350,0.474104106
72400,0.472131342
72450,0.472462237
72500,0.472296506
72550,0.473763049
72600,0.471915901
72650,0.472109526
72700,0.472375929
72750,0.475047290
72800,0.472948670
72850,0.472645342
72900,0.474343479
72950,0.472551227
73000,0.473664552
73050,0.472264290
73100,0.475140601
73150,0.472574770
73200,0.472999781
73250,0.471581608
73300,0.474912941
73350,0.477227062
73400,0.472524941
73450,0.473527253
73500,0.471933514
73550,0.472833782
73600,0.474021614
73650,0.472782016
73700,0.472666979
73750,0.471855164
73800,0.472020328
73850,0.472271860
73900,0.473246187
73950,0.475866854
74000,0.471403956
74050,0.471799910
74100,0.473469555
74150,0.471565366
74200,0.476213485
74250,0.471629322
74300,0.472630978
74350,0.473920792
74400,0.471845537
74450,0.472172737
74500,0.471515775
74550,0.471441209
74600,0.472779393
74650,0.472579390
74700,0.472157121
74750,0.472830564
74800,0.472838521
74850,0.473163813
74900,0.481766284
74950,0.474188298
75000,0.475530088
75050,0.471371531
75100,0.472003877
75150,0.472215086
75200,0.471833408
75250,0.476625830
75300,0.471162200
75350,0.476252943
75400,0.475405395
75450,0.474067986
75500,0.471487194
75550,0.472062081
75600,0.477594256
75650,0.473895371
75700,0.474439412
75750,0.471637577
75800,0.488654196
75850,0.471604973
75900,0.472077578
75950,0.473390341
76000,0.470896512
76050,0.472379953
76100,0.472480416
76150,0.473000169
76200,0.474830955
76250,0.471026987
76300,0.472122192
76350,0.472325891
76400,0.471670687
76450,0.473027170
76500,0.471449226
76550,0.476625830
76600,0.475939214
76650,0.477513939
76700,0.472965807
76750,0.472150236
76800,0.471658200
76850,0.474703699
76900,0.471266270
76950,0.475442708
77000,0.471104443
77050,0.472070068
77100,0.482350618
77150,0.472450405
77200,0.471659422
77250,0.472406328
77300,0.471799523
77350,0.472903997
77400,0.470908344
77450,0.471533060
77500,0.472164929
77550,0.471083909
77600,0.471000433
77650,0.470878124
77700,0.471175313
77750,0.471025258
77800,0.479398042
77850,0.471211523
77900,0.472784907
77950,0.470948607
78000,0.473132730
78050,0.470320106
78100,0.471596628
78150,0.471787125
78200,0.471928418
78250,0.479271024
78300,0.472305864
78350,0.471261859
78400,0.471413642
78450,0.470513642
78500,0.471729904
78550,0.470852882
78600,0.470932841
78650,0.472286552
78700,0.474243164
78750,0.471483827
78800,0.471090019
78850,0.471757799
78900,0.473566115
78950,0.470859349
79000,0.471612304
79050,0.470716745
79100,0.474826127
79150,0.470489323
79200,0.471489370
79250,0.471334547
79300,0.473801613
79350,0.470704317
79400,0.470425248
79450,0.471668780
79500,0.472911954
79550,0.470995665
79600,0.470248938
79650,0.472896427
79700,0.470465422
79750,0.475633293
79800,0.472911119
79850,0.470583618
79900,0.472977370
79950,0.473258078
80000,0.470459104
80050,0.470692158
80100,0.471264899
80150,0.470346808
80200,0.472259372
80250,0.470250696
80300,0.471343905
80350,0.475864381
80400,0.471833676
80450,0.470850259
80500,0.470256567
80550,0.470406950
80600,0.482371569
80650,0.470565557
80700,0.470294029
80750,0.473108560
80800,0.470526189
80850,0.469850361
80900,0.471119910
80950,0.469813257
81000,0.472008437
81050,0.470350087
81100,0.470370859
81150,0.474273473
81200,0.469573528
81250,0.470223248
81300,0.470392972
81350,0.470301270
81400,0.469992638
81450,0.471530825
81500,0.470368624
81550,0.476189494
81600,0.470555156
81650,0.470201433
81700,0.470132709
81750,0.470327437
81800,0.474195033
81850,0.471711010
81900,0.470348299
81950,0.471402884
82000,0.469853401
82050,0.471316576
82100,0.471039623
82150,0.469497740
82200,0.470084906
82250,0.470938712
82300,0.471325576
82350,0.470865250
82400,0.473589033
82450,0.469704241
82500,0.469390482
82550,0.470980972
82600,0.473831207
82650,0.470848113
82700,0.469842136
82750,0.469859034
82800,0.470978886
82850,0.472213000
82900,0.470874041
82950,0.469410390
83000,0.469324529
83050,0.472594649
83100,0.470245600
83150,0.470979542
83200,0.470864505
83250,0.472054929
83300,0.469465286
83350,0.473862171
83400,0.470223606
83450,0.471500605
83500,0.470709443
83550,0.470208466
83600,0.470633835
83650,0.471143842
83700,0.468838811
83750,0.471789509
83800,0.469808161
83850,0.470141083
83900,0.470025539
83950,0.470324099
84000,0.469070345
84050,0.473088920
84100,0.472439975
84150,0.470375240
84200,0.469455719
84250,0.471441686
84300,0.469557911
84350,0.472085893
84400,0.472862333
84450,0.477309316
84500,0.472718924
84550,0.471122533
84600,0.478125066
84650,0.470149666
84700,0.473144859
84750,0.472686768
84800,0.472961187
84850,0.470417053
84900,0.469603032
84950,0.469332635
85000,0.470897496
85050,0.470459402
85100,0.471156955
85150,0.470358193
85200,0.470032066
85250,0.469436944
85300,0.469831645
85350,0.471802562
85400,0.469615459
85450,0.470572680
85500,0.471361548
85550,0.468939722
85600,0.469231725
85650,0.469782859
85700,0.470439255
85750,0.468595177
85800,0.470282257
85850,0.470824897
85900,0.468863398
85950,0.469323277
86000,0.469055593
86050,0.471379012
86100,0.468400121
86150,0.471406221
86200,0.469037831
86250,0.471686393
86300,0.469266653
86350,0.468796909
86400,0.470573783
86450,0.470024437
86500,0.470078409
86550,0.470305681
86600,0.470697343
86650,0.469388217
86700,0.479153663
86750,0.471273541
86800,0.470384300
86850,0.469987154
86900,0.469654471
86950,0.470110446
87000,0.470217884
87050,0.472411096
87100,0.473251373
87150,0.469563961
87200,0.496074677
87250,0.469459742
87300,0.468589574
87350,0.470512569
87400,0.472020954
87450,0.471535802
87500,0.470342487
87550,0.471071273
87600,0.468886524
87650,0.470253140
87700,0.468942225
87750,0.470111519
87800,0.469319940
87850,0.469870299
87900,0.469376862
87950,0.469682634
88000,0.468510628
88050,0.468278766
88100,0.469532222
88150,0.469488651
88200,0.468684167
88250,0.472106487
88300,0.473352790
88350,0.468612790
88400,0.468792170
88450,0.468492955
88500,0.472800076
88550,0.470612258
88600,0.468788177
88650,0.468378365
88700,0.468845308
88750,0.468521416
88800,0.469144642
88850,0.468938649
88900,0.472295254
88950,0.469156653
89000,0.468265921
89050,0.469662398
89100,0.470987141
89150,0.469509691
89200,0.470423460
89250,0.468730628
89300,0.472390085
89350,0.468964100
89400,0.468888551
89450,0.470622867
89500,0.475669473
89550,0.472589314
89600,0.481434613
89650,0.469130963
89700,0.471368194
89750,0.470358193
89800,0.470193923
89850,0.469249874
89900,0.469471931
89950,0.468279183
90000,0.468511105
90050,0.469571561
90100,0.469875604
90150,0.474355549
90200,0.471706003
90250,0.470450997
90300,0.469514221
90350,0.469036490
90400,0.468651891
90450,0.468199402
90500,0.471981823
90550,0.468763024
90600,0.470467746
90650,0.475915968
90700,0.467948735
90750,0.468024909
90800,0.469064176
90850,0.470369518
90900,0.470603466
90950,0.468264759
91000,0.470740348
91050,0.469957709
91100,0.469591796
91150,0.467732400
91200,0.467428446
91250,0.468117386
91300,0.469874263
91350,0.468828619
91400,0.468624026
91450,0.468196392
91500,0.470331103
91550,0.469102949
91600,0.468955517
91650,0.467776418
91700,0.468544513
91750,0.468165815
91800,0.472076565
91850,0.469974130
91900,0.467610300
91950,0.467461139
92000,0.470524728
92050,0.469156742
92100,0.471578807
92150,0.469842196
92200,0.469128340
92250,0.474296659
92300,0.468381405
92350,0.471073598
92400,0.468385726
92450,0.467800021
92500,0.469779044
92550,0.471728534
92600,0.471949041
92650,0.468622386
92700,0.467939734
92750,0.468892127
92800,0.469210088
92850,0.468529224
92900,0.469477117
92950,0.470260620
93000,0.467572153
93050,0.467497170
93100,0.470030129
93150,0.468792081
93200,0.468519866
93250,0.467508703
93300,0.468803197
93350,0.480098993
93400,0.468834966
93450,0.468465000
93500,0.467974752
93550,0.470258087
93600,0.486479312
93650,0.467286408
93700,0.470767707
93750,0.467494994
93800,0.469502658
93850,0.475471854
93900,0.469623297
93950,0.467797130
94000,0.468835503
94050,0.470954984
94100,0.470418513
94150,0.469209462
94200,0.468025535
94250,0.467661202
94300,0.468489915
94350,0.471123695
94400,0.468521774
94450,0.469582707
94500,0.467914522
94550,0.468118429
94600,0.468148112
94650,0.467248231
94700,0.471020997
94750,0.468868613
94800,0.467306048
94850,0.468079239
94900,0.470197022
94950,0.468509883
95000,0.469247848
95050,0.468127072
95100,0.468845874
95150,0.467515051
95200,0.468705773
95250,0.467197806
95300,0.467790127
95350,0.469417840
95400,0.468651712
95450,0.470012188
95500,0.467851222
95550,0.468954742
95600,0.467842221
95650,0.468105346
95700,0.467807859
95750,0.467994422
95800,0.472851187
95850,0.469458640
95900,0.467054099
95950,0.468626142
96000,0.467764050
96050,0.475619942
96100,0.468628436
96150,0.467836291
96200,0.468304217
96250,0.471916169
96300,0.472047001
96350,0.470783114
96400,0.468342423
96450,0.468959957
96500,0.467440248
96550,0.467656076
96600,0.468811542
96650,0.468290865
96700,0.466508895
96750,0.466973931
96800,0.468116611
96850,0.468567669
96900,0.468681306
96950,0.467480630
97000,0.467686117
97050,0.469720155
97100,0.467197359
97150,0.468103290
97200,0.468391865
97250,0.473520964
97300,0.468244731
97350,0.467111290
97400,0.468012750
97450,0.468923718
97500,0.470689565
97550,0.469366908
97600,0.467870265
97650,0.467898518
97700,0.467143089
97750,0.468297452
97800,0.467890233
97850,0.469484717
97900,0.466286063
97950,0.467165828
98000,0.466420501
98050,0.469843179
98100,0.469799906
98150,0.467206508
98200,0.466622144
98250,0.467488080
98300,0.467128098
98350,0.475588292
98400,0.467913985
98450,0.467693925
98500,0.468105525
98550,0.468907148
98600,0.466199219
98650,0.467506200
98700,0.467950284
98750,0.466826528
98800,0.469025999
98850,0.467950702
98900,0.470135361
98950,0.467148572
99000,0.466942340
99050,0.467307419
99100,0.470077217
99150,0.468227506
99200,0.467758626
99250,0.468517900
99300,0.467101514
99350,0.466570020
99400,0.466919065
99450,0.467330933
99500,0.466561705
99550,0.467120916
99600,0.467263043
99650,0.466805845
99700,0.474791378
99750,0.467413038
99800,0.467219025
99850,0.468422234
99900,0.467946559
99950,0.469267339
99999,0.468137980
